7847500
7847503
7847504
7847506
7847508
7847966
17397362
17397364
17396800
7847211
7847372
7847278
7848360
7847378
7847275
7848166
7847248
7848160
7847075
7847070
7847073
17397766
17397319
7847509
17397831
7848947
7847439
17397834
7847437
7847430
7847433
47207596
17397962
7847209
17397963
7847207
7849162
7847204
7847200
17397168
7847188
7847993
7847856
7847089
7848061
7847850
7847851
17397867
17397865
17397864
17397862
17397861
7847481
7847480
7847483
7847271
7847485
7847484
7847487
7847489
7847488
7847722
7847724
7847628
7847294
7847295
7847291
7847292
7847298
7847299
17398024
7848831
7848830
17397590
7849427
7849426
7849421
7849420
7848409
7848019
47206880
7848017
7848014
7848013
7848010
17397912
7847650
7847651
7847652
17397914
17397500
7847156
7847154
7847845
7848495
7847588
17397856
7848887
7847713
7848243
7848246
7849331
7849210
7848538
7849337
7848085
7848087
7848083
17397807
7848127
7848124
47205864
47208053
7847476
7847477
17397037
7847579
7847578
7847178
7847571
7847570
7847572
7847575
7849208
7847576
7847086
47207714
7847498
7848338
7848339
7848332
7847321
17396840
17397041
47206541
7847683
7847682
7847681
7847687
7847686
7847685
7847684
7848628
7847689
7847688
7847888
7847881
7849056
7847391
7847390
7847186
7847392
7847395
7847394
7847397
7847396
7847399
7848904
47206710
47206715
7848902
7849508
7848050
7848057
7847769
7848059
7848058
7848196
7848195
7849415
7847199
7847198
7847197
7848755
7847195
7847194
7847193
7848751
7848752
7848753
7847618
17397817
7847753
17397813
7847757
17397811
7847759
7847611
7847612
7847613
17396749
7847615
7847616
7847817
7847814
7847818
7848286
7848280
7849374
7847435
47207127
47207122
7848576
7847104
7847105
7847106
7847107
7847100
7848828
7847103
7847108
7847109
17396730
17396731
17396732
17396733
17396734
17396735
17397555
17396737
7847715
47206963
17397071
17397371
17397370
7847531
7847530
7847360
7847361
7847364
7847365
7847366
7847367
7847369
7848025
7848174
7848906
7848171
7848178
7847629
7848274
17396927
17396888
7847216
7847408
7847864
7849153
7847401
7847863
7847402
7849159
7847404
7847406
7849397
7848306
7848305
7849394
7848303
7847219
7847962
7848962
17397893
7847210
7849253
7847964
7847213
47206751
47207896
7848715
7847827
7847826
7847825
7847824
17397852
7847714
7847717
7847716
7847711
17397854
7847712
17397858
7847719
7847718
47205952
7849027
7849026
7849028
7847492
7847491
7848953
7848950
17397743
7847910
17397514
7848430
7848433
7849433
7849434
47206270
7847660
7847662
47206274
7847664
7847667
7847143
7847147
7848488
47207401
47206804
17396914
17397334
17396666
7849320
7847619
7848504
17397341
47207011
7847754
7848132
7847756
7848134
17397637
7847610
47205878
17397426
7849229
7847567
7847564
7847565
7847449
7847560
7847561
7847445
7847614
7847446
47207764
17396825
7847443
7847569
7847250
7847251
7847252
7847253
7847254
7847255
7847256
7848666
47206023
7849288
7848224
7847318
7848227
7847097
7847095
7849321
7847317
7848662
17397270
7847690
7847691
7847693
17398000
7847695
7847696
17396898
7847698
7847699
17398008
7848610
7848612
7847482
7849069
7849267
7847599
7849264
7847957
7847956
7847892
7849104
7847891
7847896
7847596
7847894
7847594
7847720
7847388
7847721
47206727
7847384
7847385
7848916
7847383
7847381
7847874
7847875
7847877
7847870
7849254
7847878
7847625
17397808
7847626
17397966
7847620
17397964
17397965
17397801
17397803
7848762
17397805
7847181
7848767
17397413
7847748
7847749
7847744
7847742
7847743
7847740
7847741
7849401
7849400
7849406
7848810
7849363
7849409
7849408
7849367
7848460
7847133
7847135
7847134
7847138
7848861
17396727
17396729
17397067
17396865
7847528
7847529
7848064
7847522
7847520
7847521
7847525
7847359
7848388
7848387
7847351
7849312
7849499
7849079
7848261
17396892
17396896
17397983
7847417
7847414
7847415
7847798
17398288
7847411
7847795
7847797
7847791
47207830
7849147
7847559
7849148
7847554
7847553
7849326
7847228
7848316
7849387
7849380
7849382
7847221
7847223
7849227
7848319
7847226
7847948
7847949
17397189
7847582
7849399
7848645
7848728
7848641
7847830
7847834
7847836
7849176
17397845
17397847
7847701
17397841
17397840
7847704
17397842
7848189
7847708
17397849
7849149
7849132
7849130
7849036
7849035
7849030
7849031
7848924
7847457
7848928
7849517
7847902
7847903
7848421
7848873
7848844
17397886
7849386
7847175
7847174
7847177
7847171
7847173
17397931
47206010
7848033
7848032
47206468
17397916
17397830
7847776
17397832
7847774
7847773
17397915
7847679
7847677
7847675
7847672
7847673
7847670
7847562
7849211
47206838
7849293
7847165
7849296
7847659
7848453
47207027
7848450
7848516
7848517
7849224
7848513
7848511
17397783
47206600
17397626
17396992
7847393
17397232
17397943
17396752
7847458
7847517
7847515
7847514
7847453
7847518
7847609
7847307
7847608
7847302
7847301
7847264
7847266
7847263
7848358
17397825
7848350
7848357
17397711
7847750
7847312
17398013
17398012
17398011
17398010
7848977
7848973
7849070
7849476
7847428
7847425
7847424
7847422
7847420
7849274
7847589
7849276
7847946
7847580
7847581
7849171
7847584
7847585
7847586
7847587
7848776
7847840
7848775
7848772
7847844
7847846
7848778
7847632
7847633
7847631
7847634
7847635
17397875
17397876
47206224
17397870
17397872
17397405
7847702
7847739
7849338
7847733
7847732
7847731
7847736
7847286
7847285
7847284
47207453
7847706
7847289
7847398
7849413
17397580
17396784
7849416
7849417
7849418
7849419
7847705
7848808
17398007
7848413
17397820
7848415
7847645
17397903
7847643
7848969
7847640
17397908
17397909
17397573
7848780
7847122
7847123
7847120
17396717
7847283
7848890
7849144
17396876
17398009
7848525
7847349
7849309
7848395
7847340
7848259
7847347
7847345
7847967
7848090
7849039
17397751
7847697
7849317
17397996
7847463
7847460
7847467
7847466
7847464
7847780
7847236
7847237
7847549
7847231
7849414
7847546
7849138
7847540
7847541
7847543
17397582
7848327
7847336
7849103
7849234
7849237
17397192
47207082
17397725
7848031
7847953
7848987
7848980
7848730
7848638
7847951
7847855
7849043
7849128
7849046
7848199
7848933
47206702
7847591
7847082
7848026
7848027
7848024
7847590
47206854
7848023
7848185
17396664
7848181
7848028
7848182
7847162
7847163
47206143
7848427
17397823
17397822
17396750
17396751
17397827
7847762
17397824
7847603
7847602
7847601
17396759
7847768
7847606
7847605
7847604
7847805
7847804
7847806
7847800
7847803
7849348
7849349
7847968
7848299
7848114
7848291
7848290
47207130
7848449
7849467
7849392
7847117
7847113
7847111
7847382
17396983
7847118
47206713
47205999
7847127
17397894
17397895
7848781
17397891